15 15
0 0 0 0 0 0 16 17 1 17 16 0 0 16 0 
0 0 7 25 0 0 0 0 0 0 16 0 0 18 9 
0 16 20 3 0 16 0 0 0 0 0 19 16 0 19 
0 0 0 0 0 18 2 18 0 0 7 3 0 0 3 
0 16 20 0 16 0 0 0 0 0 12 22 0 0 0 
0 0 12 17 16 0 0 0 0 20 0 0 0 0 0 
0 16 10 1 1 17 0 0 18 11 18 2 18 0 0 
16 16 19 0 16 16 16 0 16 0 16 0 0 0 20 
0 0 3 0 0 0 16 0 0 0 0 0 0 18 11 
0 0 0 4 0 0 0 0 16 0 0 0 0 16 0 
18 2 18 11 0 16 16 16 16 0 0 0 0 0 0 
16 0 0 0 0 0 0 16 23 9 0 16 0 0 16 
0 0 16 0 0 0 0 0 4 19 16 16 0 7 18 
17 1 17 0 17 1 17 16 0 0 16 16 0 20 0 
16 0 16 0 0 0 0 0 0 0 0 0 0 16 16 
