15 15
0 16 16 16 17 1 17 16 16 16 0 16 19 16 0 
0 0 16 0 0 0 0 16 0 16 0 0 3 0 0 
0 0 0 0 0 16 19 0 0 0 0 16 19 0 0 
16 0 0 0 0 0 3 0 20 16 0 0 3 0 20 
19 0 0 0 0 0 19 0 4 0 16 20 3 0 4 
3 0 0 0 4 0 8 2 20 16 0 4 0 0 20 
19 0 0 0 28 5 0 0 16 0 0 20 16 0 16 
0 0 0 0 0 20 16 0 0 0 0 0 16 0 0 
0 16 0 0 0 7 2 2 2 0 0 16 0 0 0 
7 18 0 0 0 28 1 1 17 1 17 16 0 0 0 
4 0 0 0 16 16 0 16 16 0 16 16 0 0 16 
4 0 0 0 0 16 0 16 16 0 16 0 0 0 16 
20 16 0 16 19 0 0 0 0 0 0 0 16 0 16 
16 0 0 0 8 18 0 1 21 0 16 0 16 10 17 
0 0 0 0 0 0 0 0 12 1 17 1 17 6 0 
