15 15
0 16 16 16 16 16 0 0 0 0 0 0 16 0 0 
0 0 0 10 17 0 16 0 0 0 17 1 17 0 16 
16 16 16 19 0 16 16 1 1 1 1 1 5 0 16 
0 0 16 0 16 23 2 10 1 7 2 18 11 16 16 
0 20 0 0 0 4 0 3 2 11 16 16 0 26 1 
0 12 17 16 0 12 1 22 0 0 0 0 0 3 16 
16 19 0 0 0 0 16 16 0 0 0 16 0 19 16 
0 8 25 0 0 0 16 0 0 0 10 17 0 16 0 
0 0 3 0 0 0 0 0 16 0 19 0 0 0 3 
0 0 0 0 0 0 0 0 16 0 0 0 0 16 19 
0 0 0 16 0 0 4 0 16 0 0 16 19 0 3 
0 0 0 16 0 0 20 16 16 16 16 0 3 0 19 
0 0 0 16 0 0 4 0 0 16 0 0 19 0 0 
0 16 16 16 16 23 11 0 0 0 0 0 0 0 16 
0 0 0 16 16 4 0 0 0 0 0 0 17 1 17 
